         0    1.8422    2.0000    2.0000    1.9059    2.0000    1.8393    2.0000    2.0000    2.0000
    1.8422         0    1.6528    1.2885    0.7439    1.3656    1.6051    1.0052    1.3186    1.1238
    2.0000    1.6528         0    1.6528    1.6528    1.8391    1.8136    1.6528    1.6528    1.6528
    2.0000    1.2885    1.6528         0    1.0511    1.7580    1.5150    1.4130    1.2401    1.1057
    1.9059    0.7439    1.6528    1.0511         0    1.1632    1.5538    1.1125    0.9993    0.6037
    2.0000    1.3656    1.8391    1.7580    1.1632         0    1.8739    1.3265    1.5284    1.4072
    1.8393    1.6051    1.8136    1.5150    1.5538    1.8739         0    1.7848    1.7819    1.5417
    2.0000    1.0052    1.6528    1.4130    1.1125    1.3265    1.7848         0    0.8982    1.1481
    2.0000    1.3186    1.6528    1.2401    0.9993    1.5284    1.7819    0.8982         0    0.9345
    2.0000    1.1238    1.6528    1.1057    0.6037    1.4072    1.5417    1.1481    0.9345         0